0.0519481
0.0754717
0.0731707
0.0893855
0.0980392
0.0952381
0.100358
0.105611
0.109091
0.111421
0.113111
0.113475
0.115813
0.116424
0.118577
0.119181
0.120141
0.1198
0.120444
0.120301
0.109233
0.121884
0.122667
0.122762
0.108342
0.12485
0.114528
0.124583
0.116818
0.125261
0.117647
0.118299
0.123827
0.124656
0.125336
0.122553
0.124789
0.126772
0.12178
0.124805
0.128627
0.125561
0.11505
0.119484
0.127479
0.126635
0.129477
0.115039
0.126615
0.13468
0.1279
0.133848
0.130462
0.129886
0.114943
0.111832
0.0937115
0.0907313
0.0936508
0.0933489
0.0933793
0.0934087
0.0935759
0.0934307
0.0947522
0.0942857
0.0822086
0.101835
0.101545
0.10598
0.106287
0.106234
0.106105
0.10636
0.106724
0.106967
0.106944
0.106594
0.102199
0.10603
0.106755
0.106115
0.114089
0.106565
0.106516
0.106634
0.105711
0.106184
0.126645
0.123924
0.127095
0.127292
0.127093
0.126344
0.120981
0.124514
0.12688
0.127521
0.120916
0.120373
0.122091
0.124239
0.120222
0.127139
0.127196
0.127213
0.147383
0.126984
0.16673
0.126255
0.127294
0.131148
0.126611
0.127161
0.127177
0.127019
0.127278
0.125299
0.122145
0.121335
0.13546
0.142815
0.141705
0.169052
0.171174
0.154034
0.175657
0.175523
0.168903
0.171165
0.169964
0.170323
0.160871
0.128414
0.126939
0.126718
0.127087
0.12646
0.125963
0.118218
0.121004
0.125359
0.125659
0.124594
0.124011
0.123259
0.120442
0.123694
0.123575
0.122976
0.12377
0.123477
0.123537
0.121667
0.124124
0.122666
0.1228
0.123606
0.123615
0.122605
0.123632
0.123641
0.124928
0.123216
0.121974
0.12614
0.162451
0.127249
0.144723
0.174583
0.169307
0.18767
0.190686
0.18821
0.181159
0.188993
0.190579
0.191141
0.191086
0.183299
0.191281
0.164408
0.181233
0.19023
0.190476
0.19121
0.191255
0.19096
0.191247
0.188445
0.175431
0.172004
0.179035
0.180005
0.174614
0.191173
0.192101
0.165034
0.126189
0.12839
0.127761
0.126904
0.122234
0.121955
0.122975
0.114636
0.123049
0.122245
0.121582
0.122735
0.122248
0.122685
0.120271
0.122059
0.123884
0.121999
0.119675
0.163204
0.126116
0.126129
0.123137
0.129559
0.137442
0.126482
0.127011
0.1285
0.115316
0.113222
0.143394
0.138387
0.127483
0.125135
0.121275
0.121369
0.122205
0.120547
0.121929
0.122286
0.121768
0.125065
0.122428
0.122207
0.122836
0.121047
0.12221
0.121617
0.121975
0.120388
0.165834
0.135685
0.179961
0.172573
0.18772
0.183129
0.181753
0.188097
0.18725
0.188356
0.177064
0.179869
0.172078
0.186943
0.180725
0.177898
0.178061
0.132421
0.127782
0.125512
0.123042
0.122034
0.167026
0.179716
0.180765
0.134726
0.168557
0.127542
0.127371
0.127699
0.127777
0.127708
0.126691
0.12766
0.116689
0.122348
0.113761
0.131238
0.134081
0.124865
0.157236
0.13022
0.132998
0.127205
0.128763
0.129515
0.132748
0.129611
0.121076
0.114023
0.121335
0.0895924
0.129602
0.118827
0.127916
0.129555
0.127762
0.126134
0.127797
0.126684
0.127515
0.0608858
0.0389371
0.123406
0.124453
0.125274
0.118499
0.126539
0.132594
0.110197
0.129992
0.127085
0.133973
0.128325
0.114064
0.109803
0.119091
0.129764
0.128487
0.12224
0.12954
0.122882
0.121368
0.131969
0.129673
0.128846
0.12306
0.151899
0.192297
0.189223
0.189943
0.19013
0.190689
0.190053
0.176168
0.128839
0.13449
0.129782
0.122941
0.103618
0.126679
0.128476
0.125773
0.125849
0.129994
0.128494
0.124126
0.122158
0.0971098
0.120946
0.131743
0.123256
0.125861
0.116026
0.173332
0.126268
0.125419
0.12515
0.121836
0.122107
0.115556
0.121073
0.120631
0.117295
0.121647
0.124844
0.121153
0.125795
0.123698
0.12172
0.123755
0.123467
0.105569
0.170612
0.119856
0.116646
0.116817
0.141535
0.127104
0.126953
0.121193
0.122372
0.121381
0.120736
0.116092
0.114911
0.122395
0.122043
0.12221
0.139051
0.138254
0.178631
0.188373
0.190499
0.188252
0.184665
0.175363
0.188246
0.163832
0.178869
0.137641
0.126866
0.125544
0.128419
0.127587
0.127975
0.127565
0.128059
0.127914
0.121875
0.127949
0.128127
0.137728
0.157816
0.186755
0.1873
0.177472
0.125942
0.128498
0.123726
0.127224
0.184966
0.13029
0.127377
0.123927
0.122099
0.122191
0.122317
0.175467
0.173294
0.179752
0.186145
0.19304
0.190599
0.193704
0.187322
0.164708
0.178811
0.125368
0.127056
0.122077
0.122641
0.122438
0.119783
0.11875
0.122002
0.11976
0.152483
0.162938
0.176936
0.177152
0.183945
0.188086
0.169448
0.164842
0.119657
0.116871
0.122414
0.118769
0.122537
0.122622
0.117236
0.137138
0.161977
0.165024
0.178145
0.173564
0.159852
0.127192
0.124666
0.122202
0.123759
0.122963
0.110462
0.122488
0.122679
0.130984
0.125939
0.181176
0.171831
0.158201
0.126787
0.126571
0.122724
0.122889
0.122383
0.122532
0.12294
0.122799
0.122925
0.122326
0.1523
0.170437
0.19044
0.182048
0.187587
0.178856
0.165888
0.127163
0.134338
0.126688
0.124088
0.121623
0.122738
