0.0430108
0.0714286
0.0833333
0.0952381
0.100503
0.09375
0.103704
0.10596
0.108108
0.110497
0.111675
0.114286
0.115299
0.115226
0.117188
0.118299
0.118881
0.1198
0.120635
0.121581
0.12069
0.122392
0.122178
0.123871
0.123457
0.122209
0.124711
0.124722
0.124597
0.124481
0.125633
0.124878
0.125834
0.124885
0.125786
0.125326
0.126388
0.126456
0.127451
0.127796
0.126837
0.126888
0.127125
0.126528
0.128205
0.127955
0.127717
0.128
0.127521
0.128287
0.128221
0.128395
0.128954
0.12691
0.128355
0.127418
0.128886
0.127824
0.1284
0.1298
0.128964
0.130047
0.127466
0.129883
0.129225
0.129539
0.129845
0.129771
0.129213
0.130112
0.12968
0.108108
0.130415
0.129654
0.135624
0.13614
0.136464
0.136304
0.135856
0.136112
0.135906
0.136553
0.136289
0.136419
0.136327
0.136346
0.136685
0.136223
0.13666
0.136622
0.136228
0.136549
0.135965
0.13643
0.136201
0.126691
0.135192
0.136348
0.136036
0.135962
0.13557
0.0863675
0.136243
0.136438
0.136808
0.136907
0.136393
0.136149
0.136335
0.136307
0.134668
0.107126
0.0936399
0.107168
0.107076
0.107283
0.10729
0.107224
0.107111
0.107191
0.107032
0.107229
0.107236
0.107313
0.107181
0.107303
0.107468
0.107428
0.106965
0.10715
0.107157
0.119295
0.11947
0.119483
0.119416
0.119455
0.113036
0.110843
0.114663
0.118243
0.114914
0.11863
0.114446
0.11724
0.115034
0.118531
0.113514
0.118566
0.115236
0.119952
0.115998
0.120372
0.119555
0.115855
0.11814
0.113661
0.113072
0.113019
0.113531
0.107203
0.108729
0.105744
0.109341
0.1062
0.110831
0.108532
0.112572
0.109571
0.108143
0.114209
0.112964
0.11229
0.113554
0.106716
0.109375
0.108374
0.110798
0.0969895
0.11205
0.104621
0.10537
0.107027
0.106179
0.106961
0.106414
0.114992
0.114548
0.112828
0.113462
0.112326
0.112221
0.111208
0.106836
0.107375
0.0951336
0.109497
0.111726
0.111392
0.111049
0.11033
0.11047
0.110761
0.112015
0.111842
0.10964
0.111291
0.11074
0.111753
0.110582
0.110439
0.11024
0.113871
0.114949
0.114868
0.116216
0.113595
0.114784
0.11851
0.118523
0.119744
0.117867
0.117522
0.117199
0.117201
0.118095
0.117266
0.117267
0.117209
0.11977
0.121564
0.122514
0.122379
0.121942
0.121558
0.121809
0.121571
0.121835
0.122665
0.122454
0.121719
0.122709
0.122983
0.122573
0.120957
0.127174
0.118014
0.121945
0.122409
0.122464
0.122474
0.120081
0.120834
0.167883
0.191734
0.191693
0.191116
0.192114
0.179385
0.179892
0.178082
0.179845
0.180007
0.180075
0.172605
0.159494
0.133
0.111378
0.113009
0.108435
0.107217
0.108835
0.108767
0.111748
0.12563
0.125628
0.125683
0.125354
0.12493
0.125168
0.125028
0.125056
0.124751
0.117245
0.113965
0.115889
0.133489
0.187184
0.192128
0.175045
0.192276
0.192016
0.192422
0.192478
0.192534
0.164117
0.192583
0.192358
0.19232
0.192407
0.192369
0.192394
0.192204
0.19235
0.192741
0.19252
0.192423
0.192296
0.19238
0.192433
0.192666
0.19245
0.192355
0.192142
0.192608
0.166777
0.192595
0.192822
0.140088
0.141558
0.135679
0.159701
0.145159
0.192376
0.192857
0.174403
0.192928
0.178177
0.192828
0.19299
0.192813
0.192638
0.19238
0.190913
0.192757
0.192695
0.182634
0.192709
0.192757
0.192723
0.192662
0.192955
0.192866
0.192751
0.19234
0.192684
0.191823
0.192697
0.193065
0.192605
0.192123
0.192645
0.192666
0.192686
0.19213
0.192673
0.192797
0.192531
0.192447
0.192726
0.192488
0.192893
0.192758
0.192701
0.192695
0.170521
0.192556
0.192803
0.193151
0.192664
0.143328
0.192978
0.192572
0.160534
0.162839
0.192629
0.192796
0.193012
0.192636
0.179302
0.161034
0.163607
0.19271
0.164625
0.162936
0.192886
0.192976
0.192897
0.192795
0.192408
0.191953
0.169319
0.153846
0.192647
0.174529
0.178794
0.178499
0.174851
0.181922
0.184019
0.176796
0.173424
0.170303
0.174233
0.160876
0.177515
0.171128
0.178157
0.154006
0.164886
0.173858
0.178211
0.178684
0.192788
0.192827
0.192419
0.140244
0.128189
0.128191
0.128154
0.128313
0.1281
0.128238
0.128591
0.120927
0.120945
0.128429
0.121748
0.122129
0.121944
0.126359
0.12201
0.122293
0.122672
0.121842
0.122165
0.122206
0.167835
0.121498
0.122386
0.121757
0.122203
0.113918
0.121662
0.122813
0.122971
0.173642
0.18473
0.184476
0.184375
0.170908
0.184855
0.141771
0.146188
0.108063
0.113121
0.142902
0.172632
0.166621
0.184783
0.185334
0.184622
0.185897
0.186224
0.186084
0.186485
0.186493
0.186427
0.192355
0.184102
0.146864
0.12913
0.128252
0.127416
0.127257
0.127508
0.123013
0.127942
0.104378
0.129731
0.130781
0.127612
0.157003
0.127424
0.127176
0.127096
0.102591
0.126313
0.138903
0.125699
0.125932
0.122696
0.114598
0.129831
0.12678
0.126292
0.124529
0.159923
0.125078
0.127875
0.127202
0.122479
0.126992
0.126884
0.130697
0.126773
0.126682
0.127323
0.126031
0.126334
0.125199
0.126556
0.127482
