0.0774194
0.10929
0.12708
0.133087
0.137845
0.1249
0.0793651
0.109149
0.128523
0.136608
0.143424
0.130152
0.145041
0.132626
0.13213
0.119403
0.146778
0.137639
0.107978
0.0929573
0.0969847
0.107781
0.150395
0.104387
0.155157
0.15309
0.177462
0.191447
0.12829
0.108851
0.111772
0.106736
0.111771
0.120749
0.138396
0.102787
0.111216
0.175522
0.197884
0.199216
0.158007
0.174968
0.108976
0.109034
0.120914
0.141788
0.178025
0.108817
0.0907569
0.138049
0.106268
0.187824
0.19711
0.194181
0.107609
0.128073
0.112514
0.172618
0.190366
0.197785
0.173094
0.121599
0.113123
0.170724
0.10802
0.180073
0.125697
0.117849
0.193457
0.178993
0.175139
0.108929
0.16718
0.114444
0.154182
0.200132
0.134241
0.118941
0.182778
0.198778
0.143609
0.134768
0.111755
0.131292
0.166497
0.11725
0.117259
0.151212
0.148746
0.124128
0.114732
0.127181
0.161685
0.141911
0.134105
0.116873
0.169909
0.141945
0.134259
0.119094
0.140094
0.126286
0.137098
0.154702
0.125618
0.130211
0.137649
0.142483
0.137349
0.138488
0.161546
0.140854
0.141701
0.12761
0.130056
0.130743
0.148434
0.185647
0.135208
0.195212
0.134927
0.135907
0.197495
0.137185
0.175071
0.17143
0.130561
0.151856
0.183135
0.126407
0.190677
0.12675
0.139262
0.152568
0.194539
0.130171
0.184509
0.144051
0.164197
0.14553
0.145161
0.153584
0.148365
0.147321
0.148353
0.152834
0.159261
0.147001
0.144387
0.15179
0.151389
0.15593
0.157204
0.157425
0.155962
0.158157
0.163698
0.146748
0.151092
0.150404
0.152845
0.144162
0.148711
0.151097
0.14525
0.153961
0.156061
0.152374
0.155273
0.161181
0.146607
0.149141
0.15035
0.151294
0.161586
0.150498
0.163082
0.17509
0.182771
0.165236
0.180146
0.168276
0.180292
0.153654
0.147568
0.164377
0.165173
0.177937
0.165403
0.168601
0.188776
0.176979
0.188812
0.189424
0.191885
0.191253
0.192038
0.172656
0.193105
0.194471
0.194971
0.192673
0.196407
0.195094
0.193692
0.195379
0.186287
0.19616
0.195214
0.170287
0.197903
0.199134
0.195843
0.195535
0.199284
0.196638
0.199746
0.201533
0.198621
0.199508
0.198239
0.200033
0.198143
0.200896
0.200805
0.199512
0.200264
0.201042
0.19903
0.202607
0.200399
0.201535
0.199986
0.199547
0.200255
0.200132
0.198962
0.200302
0.199244
0.199109
0.199656
0.201775
0.20093
0.202383
0.203445
0.201065
0.202434
0.203015
0.201322
0.202921
0.203318
0.201622
0.203696
0.200288
0.204009
0.201666
0.203359
0.202272
0.201838
0.203389
0.200439
0.201385
0.201293
0.202434
0.199765
0.201242
0.195938
0.201951
0.201647
0.201731
0.194813
0.202812
0.203616
0.203179
0.202166
0.202188
0.201904
0.202281
0.202993
0.199272
0.202146
0.203985
0.202044
0.204048
0.202789
0.202799
0.205023
0.204178
0.202739
0.202486
0.203944
0.204579
0.203241
0.202805
0.203487
0.202899
0.203194
0.204722
0.204732
0.204982
0.202719
0.202309
0.204864
0.204408
0.203024
0.205042
0.203246
0.204539
0.203833
0.205541
0.20373
0.204521
0.20304
0.20436
0.203231
0.202953
0.20384
0.204813
0.203374
0.205229
0.205504
0.205551
0.205216
0.204896
0.201165
0.205575
0.205569
0.205599
0.204729
0.205108
0.205548
0.204604
0.20381
0.206416
0.204834
0.204173
0.205686
0.20382
0.205574
0.204523
0.205283
0.201128
0.205785
0.19739
0.189055
0.196617
0.197143
0.188724
0.197059
0.20146
0.153749
0.197246
0.198259
0.199128
0.192993
0.202047
0.176892
0.185431
0.178403
0.189257
0.180288
0.196298
0.19752
0.202133
0.195723
0.197053
0.186665
0.192607
0.193425
0.200712
0.205593
0.203725
0.20502
0.205945
0.20474
0.205158
0.205818
0.204806
0.204774
0.206602
0.204922
0.204547
0.203338
0.204902
0.204954
0.203309
0.204566
0.205277
0.205201
0.203509
0.204912
0.203815
0.203197
0.205121
0.205852
0.20369
0.204092
0.205515
0.203771
0.204554
0.205445
0.20374
0.205485
0.205532
0.204327
0.204881
0.205148
0.20445
0.205502
0.204231
0.205046
0.205696
0.203439
0.203327
0.201679
0.204972
0.205302
0.204203
0.205744
0.205089
0.205519
0.205969
0.202841
0.205087
0.205547
0.205974
0.205017
0.202
0.205261
0.204563
0.204192
0.206187
0.203145
0.204504
0.201102
0.204776
0.203489
0.204626
0.203028
0.20309
0.204501
0.204263
0.205017
0.204817
0.203715
0.204634
0.204833
0.204562
0.203245
0.204448
0.203457
0.205701
0.202544
0.205417
0.205371
0.205062
0.205439
0.204931
0.204852
0.203835
0.201895
0.203308
0.205348
0.20347
0.205107
0.203854
0.204724
0.20384
0.204585
0.202787
0.205404
0.201475
0.205574
0.204536
0.205411
0.202923
0.205664
0.203623
0.205237
0.203794
0.203429
0.204086
0.204563
0.204515
0.203975
0.203313
0.205417
0.204439
0.204714
0.203733
0.205014
0.204352
0.205284
0.204774
0.204427
0.205034
0.204542
0.205093
0.20154
0.204098
0.202078
0.205896
0.205114
0.205757
0.204409
0.204399
0.204723
0.20495
0.205554
0.205005
0.205796
0.205804
