0.0754717
0.091882
0.0947368
0.0955872
0.0807103
0.088457
0.0908995
0.0939465
0.0969545
0.0910144
0.0989398
0.0781542
0.0656114
0.0664238
0.0665907
0.0678763
0.067668
0.0681077
0.101461
0.112966
0.106577
0.0781843
0.076943
0.0905028
0.118874
0.130251
0.138548
0.141616
0.141343
0.139556
0.137665
0.0883846
0.0891189
0.104195
0.130566
0.0885426
0.103138
0.11541
0.0885568
0.0915516
0.0832101
0.111978
0.136251
0.0875932
0.125404
0.0873862
0.130656
0.0887775
0.110684
0.109448
0.0930837
0.120959
0.102975
0.093165
0.107246
0.100641
0.110762
0.104019
0.102226
0.0999967
0.101588
0.0894358
0.0862312
0.085548
0.0875911
0.0866693
0.0858532
0.0871515
0.0874765
0.0960163
0.102875
0.0977788
0.103868
0.108025
0.0878849
0.086683
0.087004
0.0979478
0.0977732
0.0979518
0.10633
0.102882
0.0996533
0.0970598
0.102504
0.0992865
0.100583
0.102908
0.102582
0.0856594
0.0860849
0.0870574
0.0863773
0.0859562
0.0864162
0.100478
0.0980097
0.100377
0.0980709
0.0999785
0.101701
0.0988866
0.0980852
0.0958734
0.0986855
0.0984773
0.125213
0.0871728
0.0974108
0.108933
0.113789
0.101497
0.101293
0.102562
0.106687
0.0967947
0.0868465
0.102456
0.0941139
0.101316
0.0954586
0.0886867
0.0940076
0.0988289
0.125466
0.12415
0.125958
0.128303
0.130761
0.12727
0.128044
0.124297
0.118968
0.128036
0.127384
0.126738
0.128115
0.128613
0.130598
0.128231
0.13035
0.129537
0.131085
0.134272
0.135426
0.133047
0.133658
0.136238
0.135655
0.136453
0.1359
0.13528
0.136196
0.136125
0.13462
0.135686
0.137381
0.136524
0.138655
0.139242
0.138919
0.138703
0.139715
0.139358
0.13896
0.139493
0.136144
0.136622
0.138023
0.138016
0.138767
0.139722
0.140159
0.140038
0.140333
0.142515
0.141548
0.142772
0.142219
0.139333
0.142784
0.142978
0.143802
0.143415
0.144541
0.144578
0.140191
0.142756
0.14485
0.143466
0.143099
0.136247
0.137659
0.138178
0.137142
0.144426
0.144911
0.144894
0.144699
0.144292
0.144475
0.143981
0.141461
0.145532
0.146019
0.146625
0.145802
0.146346
0.145604
0.146498
0.14644
0.14651
0.14673
0.14774
0.146829
0.147226
0.140942
0.142738
0.137151
0.137444
0.134871
0.12458
0.147096
0.13781
0.148736
0.146863
0.146946
0.145753
0.143966
0.147709
0.13575
0.137844
0.145691
0.139703
0.140884
0.146569
0.139073
0.147947
0.146325
0.13971
0.148194
0.14731
0.136846
0.145819
0.147998
0.144614
0.148908
0.139745
0.148026
0.134124
0.145592
0.134489
0.147539
0.140942
0.145691
0.133587
0.148349
0.136883
0.1484
0.148203
0.149212
0.148906
0.149108
0.148852
0.138868
0.148206
0.144109
0.149173
0.130832
0.148912
0.141977
0.14391
0.147074
0.148293
0.144451
0.148881
0.14265
0.148212
0.148589
0.149381
0.148892
0.148489
0.143361
0.145914
0.14175
0.138334
0.14249
0.143891
0.141473
0.135097
0.139183
0.126213
0.142408
0.131614
0.145951
0.141512
0.148413
0.143296
0.142254
0.129435
0.144189
0.149114
0.14021
0.136486
0.148984
0.148536
0.148063
0.149033
0.148883
0.148723
0.149057
0.148824
0.146183
0.149037
0.144845
0.148557
0.146196
0.144348
0.142086
0.148026
0.1463
0.147898
0.145828
0.144516
0.145406
0.13958
0.135442
0.138273
0.145577
0.142499
0.139968
0.14355
0.136487
0.143478
0.141342
0.142786
0.14313
0.146755
0.144715
0.142767
0.143784
0.14441
0.140881
0.144724
0.145639
0.144601
0.144213
0.14657
0.143897
0.142483
0.145375
0.143198
0.142315
0.143669
0.143296
0.137898
0.143353
0.14215
0.144267
0.143251
0.143842
0.14451
0.145266
0.137346
0.146311
0.142361
0.14306
0.145161
0.143246
0.143217
0.142522
0.14501
0.1494
0.147169
0.145281
0.144626
0.147352
0.144746
0.135283
0.143667
0.142862
0.144063
0.146088
0.143696
0.146282
0.144883
0.145634
0.146611
0.146555
0.142981
0.143521
0.143541
0.146766
0.14469
0.146827
0.140988
0.138255
0.134433
0.141362
0.143977
0.140763
0.147369
0.14128
0.139417
0.140252
0.144292
0.14334
0.140694
0.146824
0.143193
0.145384
0.144774
0.146251
0.139873
0.146789
0.144962
0.140256
0.145328
0.142842
0.144955
0.140455
0.145673
0.133866
0.135824
0.142327
0.145464
0.142821
0.09329
0.146766
0.149429
0.149302
0.149128
0.148951
0.133601
0.143972
0.1359
0.142349
0.14622
0.148438
0.148108
0.148637
0.148494
0.148784
0.148505
0.148876
0.149215
0.148509
0.148044
0.148917
0.14866
0.149082
0.149024
0.148613
0.148446
0.149207
0.148725
0.149043
0.149199
0.14878
0.148692
0.148089
0.148919
0.149126
0.148412
0.148787
0.149069
0.14901
0.148349
0.148768
0.14855
0.148832
0.148901
0.148797
0.148022
0.148614
0.147852
0.148911
0.14881
0.149309
0.148759
0.149167
0.149056
0.149038
0.148794
0.148994
0.142706
0.139694
0.14398
0.14676
0.132325
0.136796
0.141816
0.144333
0.141323
0.145471
0.142796
0.146067
0.144049
0.140564
0.142164
0.145728
0.142522
0.14707
0.141653
0.147405
0.142885
0.134244
0.143663
0.141591
0.141427
0.143554
0.140609
