0.11749
0.0867422
0.134786
0.117119
0.136459
0.135814
0.138272
0.139323
0.137418
0.137845
0.130262
0.121042
0.0900498
0.0892541
0.0905317
0.088657
0.0849608
0.0850411
0.0845987
0.0848653
0.0845487
0.0848276
0.0850541
0.101154
0.129799
0.134474
0.0996011
0.089151
0.084835
0.0850148
0.0830195
0.125502
0.0909181
0.0830701
0.083831
0.118706
0.128379
0.132078
0.115197
0.0857635
0.0838651
0.13272
0.095281
0.0842443
0.104225
0.104485
0.0852238
0.113786
0.0921182
0.0873322
0.102712
0.0841737
0.100344
0.0897283
0.0947024
0.100151
0.0847212
0.0986335
0.0958771
0.0850204
0.0958279
0.104189
0.116837
0.0972551
0.139596
0.0881979
0.0938248
0.091762
0.105363
0.101875
0.107147
0.108858
0.0921318
0.102101
0.0950261
0.118762
0.101322
0.0943571
0.0990292
0.0970861
0.0960225
0.0900795
0.0967939
0.0949786
0.122015
0.0935198
0.0972578
0.0988948
0.102335
0.101978
0.109419
0.0878878
0.105081
0.100753
0.106128
0.0949726
0.0993958
0.106521
0.106511
0.102598
0.106812
0.108926
0.10455
0.106207
0.109533
0.111227
0.111446
0.112156
0.112842
0.115028
0.112702
0.114631
0.11248
0.11437
0.116265
0.113861
0.117633
0.109588
0.116088
0.113767
0.114308
0.113293
0.115284
0.116037
0.116967
0.117827
0.122921
0.121443
0.12226
0.120209
0.124978
0.123757
0.123262
0.124403
0.125878
0.103474
0.120349
0.121478
0.125626
0.123718
0.126092
0.124062
0.121088
0.122703
0.122881
0.110714
0.121818
0.124935
0.127246
0.124068
0.123301
0.124989
0.131433
0.129323
0.130076
0.126261
0.131629
0.132984
0.130211
0.127948
0.128466
0.127072
0.128152
0.131062
0.128155
0.123983
0.1093
0.130818
0.127656
0.130742
0.132372
0.126901
0.13301
0.135229
0.136078
0.136828
0.132998
0.133764
0.137256
0.136945
0.137078
0.134357
0.131686
0.137157
0.138199
0.132387
0.136437
0.138111
0.138429
0.136527
0.138209
0.138738
0.132555
0.128891
0.12846
0.130882
0.132594
0.129936
0.133068
0.136907
0.135802
0.141779
0.141102
0.141597
0.141786
0.142371
0.142271
0.142728
0.141751
0.142041
0.143145
0.142413
0.143024
0.143371
0.142785
0.143397
0.141412
0.14403
0.143779
0.143298
0.143978
0.143534
0.142764
0.144559
0.144706
0.144357
0.144367
0.14472
0.144946
0.145075
0.145385
0.146079
0.14507
0.13816
0.145663
0.145589
0.146288
0.14648
0.145623
0.145929
0.146275
0.144714
0.146483
0.143689
0.138163
0.143274
0.142016
0.137042
0.143962
0.142855
0.141431
0.137317
0.139706
0.141995
0.143611
0.137387
0.142074
0.142171
0.146732
0.144632
0.143242
0.13283
0.145598
0.136136
0.145933
0.134158
0.139884
0.142125
0.12955
0.137142
0.119422
0.14445
0.133121
0.13119
0.142575
0.145289
0.140459
0.140224
0.147566
0.146614
0.146742
0.146991
0.147268
0.145336
0.146781
0.14688
0.147651
0.146259
0.147202
0.147219
0.139936
0.147723
0.14773
0.147085
0.147528
0.147587
0.147203
0.146736
0.147154
0.14735
0.146769
0.147018
0.147555
0.147731
0.146986
0.147326
0.147346
0.146911
0.147442
0.147158
0.147702
0.147565
0.147592
0.147446
0.147951
0.147641
0.14611
0.148007
0.147296
0.147304
0.1479
0.147975
0.147328
0.147438
0.14786
0.147735
0.14789
0.147254
0.147802
0.147864
0.146476
0.148359
0.14806
0.146985
0.148278
0.147791
0.147707
0.148203
0.14798
0.147987
0.1474
0.148034
0.148616
0.146854
0.14783
0.148063
0.147383
0.147471
0.147471
0.147958
0.147455
0.14778
0.147847
0.147613
0.147611
0.146691
0.147913
0.147807
0.14754
0.148376
0.147423
0.147887
0.147749
0.148125
0.147751
0.147395
0.147231
0.146937
0.148048
0.147146
0.14808
0.147604
0.147718
0.147677
0.1478
0.147406
0.148072
0.146965
0.147996
0.148087
0.147902
0.148057
0.147863
0.148107
0.147741
0.148048
0.148695
0.148087
0.147546
0.147455
0.147723
0.147884
0.148141
0.14008
0.139869
0.138134
0.133325
0.137792
0.124721
0.120784
0.128402
0.133521
0.141505
0.120978
0.132781
0.13926
0.136794
0.141913
0.141962
0.141603
0.138435
0.138446
0.132196
0.138803
0.126362
0.143744
0.129303
0.130594
0.131805
0.140679
0.146
0.143381
0.140783
0.140007
0.132647
0.133412
0.138555
0.146088
0.146678
0.143856
0.133059
0.140075
0.137538
0.139821
0.146669
0.143564
0.146172
0.146595
0.146665
0.14736
0.146833
0.147
0.147527
0.14705
0.145304
0.147545
0.147467
0.143641
0.145886
0.144358
0.147768
0.147309
0.147034
0.147627
0.147594
0.14699
0.147459
0.146953
0.147208
0.147055
0.147146
0.147814
0.146658
0.147055
0.14654
0.147495
0.147275
0.147478
0.147633
0.146559
0.141903
0.142418
0.144223
0.133601
0.126696
0.141592
0.11814
0.103058
0.107945
0.0985596
0.103408
0.143977
0.0977581
0.106007
0.13875
0.147769
0.14854
0.147625
0.138819
0.113129
0.147781
0.147721
0.148157
0.148526
0.118426
0.0950863
0.131655
0.145297
0.147982
0.147663
0.147343
0.147688
0.147767
0.147713
0.148022
0.14388
0.128208
0.147185
0.146294
0.141336
0.129002
0.143683
