0.0714286
0.0917431
0.10687
0.107063
0.109344
0.10537
0.111821
0.112304
0.11263
0.114707
0.11575
0.115875
0.114081
0.110461
0.114624
0.124053
0.130332
0.107636
0.100587
0.169825
0.170708
0.177078
0.18264
0.178819
0.18493
0.183838
0.180268
0.180834
0.167852
0.172085
0.17204
0.104521
0.10278
0.103141
0.103664
0.104911
0.102815
0.102993
0.128015
0.170607
0.184182
0.164338
0.15053
0.109724
0.10338
0.119825
0.177505
0.17159
0.136631
0.134338
0.114382
0.141073
0.179364
0.13188
0.103476
0.124625
0.178793
0.179938
0.103366
0.129403
0.170528
0.110697
0.137825
0.176174
0.179415
0.105352
0.141832
0.178585
0.104689
0.147995
0.142686
0.105576
0.177141
0.122331
0.178099
0.173765
0.104329
0.171162
0.106286
0.158948
0.10428
0.107807
0.137579
0.121991
0.141879
0.121995
0.150308
0.108514
0.112182
0.136531
0.125987
0.131514
0.147591
0.139304
0.137268
0.125673
0.115989
0.182083
0.117579
0.120433
0.115817
0.168351
0.133079
0.130724
0.117882
0.126926
0.125472
0.177398
0.128063
0.150357
0.13398
0.142036
0.149147
0.126092
0.146016
0.167815
0.142979
0.128411
0.141782
0.128192
0.138171
0.109401
0.108985
0.137334
0.118932
0.117485
0.132708
0.120159
0.134452
0.112104
0.120472
0.148017
0.134374
0.130849
0.128509
0.132252
0.158684
0.144872
0.140023
0.126916
0.11209
0.122273
0.125249
0.109995
0.105314
0.107033
0.11496
0.134502
0.124389
0.109089
0.108323
0.11014
0.125467
0.132757
0.132934
0.141503
0.132793
0.12555
0.126794
0.122418
0.127473
0.132772
0.12729
0.137747
0.131597
0.135063
0.126033
0.128156
0.123119
0.123431
0.132476
0.128793
0.121186
0.130234
0.131589
0.135543
0.131158
0.132001
0.131065
0.12788
0.128384
0.134941
0.109566
0.128566
0.131257
0.132552
0.134759
0.128998
0.126811
0.131212
0.129793
0.130476
0.12938
0.124958
0.130793
0.132424
0.141165
0.12689
0.138518
0.125665
0.132462
0.139116
0.15243
0.125352
0.138772
0.119009
0.127174
0.128993
0.123346
0.119186
0.130068
0.131882
0.129826
0.130869
0.165516
0.13054
0.135208
0.154803
0.110001
0.110253
0.110964
0.11158
0.116119
0.153225
0.150864
0.140371
0.133472
0.126703
0.115998
0.125484
0.119395
0.125912
0.122235
0.125964
0.125281
0.125617
0.123143
0.125718
0.127458
0.12815
0.136467
0.123851
0.118713
0.131027
0.121878
0.127537
0.125536
0.123
0.117716
0.12203
0.14806
0.156366
0.166386
0.168882
0.17134
0.169675
0.173134
0.16219
0.171724
0.172004
0.172001
0.174119
0.172603
0.173525
0.174197
0.175853
0.154768
0.175821
0.178378
0.176787
0.17767
0.177468
0.178904
0.178469
0.17615
0.17546
0.169749
0.169129
0.174349
0.181573
0.180677
0.177018
0.174373
0.176172
0.157382
0.161332
0.159813
0.155316
0.162408
0.167864
0.162063
0.157848
0.174023
0.178866
0.131265
0.154358
0.159657
0.157873
0.168224
0.163317
0.158631
0.176489
0.185293
0.18199
0.187999
0.186414
0.15344
0.189672
0.182187
0.155936
0.157198
0.171993
0.144391
0.17224
0.186041
0.18706
0.187953
0.187084
0.190396
0.183658
0.18986
0.190525
0.193884
0.191163
0.181842
0.179964
0.127826
0.179162
0.173963
0.192874
0.190051
0.179744
0.192141
0.187397
0.187422
0.16717
0.184931
0.162875
0.158855
0.181668
0.186269
0.18817
0.19042
0.1911
0.184594
0.175506
0.195327
0.194975
0.18787
0.195306
0.190766
0.176595
0.181491
0.180045
0.174199
0.189107
0.171679
0.19266
0.19461
0.192411
0.194003
0.192114
0.191256
0.194865
0.18879
0.195143
0.186843
0.175377
0.195334
0.194348
0.191903
0.189943
0.19083
0.17694
0.193107
0.180989
0.193043
0.180472
0.178147
0.196572
0.158607
0.191854
0.184017
0.180461
0.183638
0.190803
0.196297
0.166316
0.160628
0.172204
0.175025
0.178079
0.186698
0.159415
0.195254
0.193499
0.196903
0.193722
0.189006
0.192405
0.154219
0.194672
0.19429
0.191683
0.178439
0.190538
0.132677
0.195487
0.19475
0.195135
0.193467
0.19461
0.192567
0.191973
0.183362
0.184394
0.192497
0.190702
0.189083
0.192337
0.193342
0.196662
0.198285
0.191292
0.195464
0.194941
0.195407
0.19721
0.188373
0.19006
0.193401
0.19698
0.197533
0.181208
0.193859
0.186378
0.194548
0.192494
0.19251
0.196274
0.191489
0.197516
0.191339
0.182587
0.179729
0.190747
0.184006
0.18482
0.161885
0.152617
0.186884
0.188351
0.188658
0.186169
0.191178
0.175275
0.189257
0.187147
0.189633
0.188874
0.186294
0.184531
0.186937
0.191704
0.183382
0.19537
0.190352
0.185814
0.196123
0.19028
0.179885
0.197152
0.17465
0.197578
0.181589
0.197428
0.181283
0.192373
0.190925
0.195531
0.175349
0.18369
0.184457
0.197511
0.186983
0.174028
0.184141
0.182539
0.191864
0.189636
0.190502
0.187989
0.165899
0.191572
0.160158
0.181169
0.194773
0.192601
0.184145
0.165103
0.183061
0.187487
0.177234
0.196954
0.197543
0.187199
0.176177
0.190744
0.196653
0.196876
0.199434
0.197029
