0.0512821
0.0672269
0.0794702
0.0914286
0.097561
0.0967742
0.102941
0.10356
0.0869565
0.10989
0.113402
0.106667
0.0973783
0.0849772
0.118343
0.0931587
0.0988372
0.104651
0.1216
0.0908059
0.110092
0.105389
0.0632302
0.108475
0.110988
0.111828
0.104651
0.113246
0.114965
0.12012
0.117313
0.123314
0.131343
0.124771
0.132075
0.128686
0.118685
0.133921
0.121306
0.111888
0.130159
0.125373
0.127596
0.125984
0.12775
0.0957834
0.126856
0.0870354
0.0900735
0.0901713
0.0903454
0.090317
0.0904823
0.0903388
0.0904233
0.0905782
0.090584
0.0890595
0.0653016
0.0944882
0.0943177
0.0918859
0.0913706
0.0921858
0.0901838
0.0909404
0.0917808
0.0895326
0.0857942
0.0900901
0.108729
0.115849
0.0929049
0.0898058
0.11107
0.117921
0.146041
0.136483
0.117211
0.107023
0.12067
0.122709
0.125805
0.123894
0.114981
0.127834
0.132269
0.127306
0.130212
0.131387
0.118105
0.121332
0.131495
0.132069
0.112028
0.103616
0.101358
0.107368
0.107463
0.107411
0.107418
0.107482
0.10441
0.108475
0.107692
0.110879
0.107188
0.105856
0.106212
0.136392
0.17123
0.168548
0.0979203
0.171364
0.148483
0.135277
0.169014
0.16708
0.168496
0.173223
0.170603
0.173111
0.171608
0.172582
0.17001
0.154459
0.172262
0.179146
0.185745
0.176451
0.179023
0.182446
0.168248
0.182065
0.1843
0.183288
0.171841
0.186235
0.189051
0.188552
0.188818
0.189776
0.186989
0.186107
0.190289
0.180526
0.189861
0.184711
0.168791
0.187324
0.188514
0.190715
0.189356
0.190594
0.188507
0.186324
0.190418
0.184795
0.180017
0.189742
0.190533
0.190364
0.190254
0.191309
0.190807
0.190969
0.191021
0.181867
0.191339
0.191065
0.183329
0.191005
0.191637
0.19163
0.191466
0.19193
0.19187
0.191552
0.190933
0.179955
0.191737
0.184257
0.191473
0.191667
0.1872
0.191753
0.168279
0.191739
0.191102
0.188212
0.166958
0.192144
0.185845
0.192222
0.192071
0.155494
0.169135
0.192373
0.192596
0.191801
0.187719
0.186519
0.192371
0.180611
0.180418
0.179873
0.180039
0.187556
0.191743
0.146725
0.124668
0.123995
0.121316
0.117486
0.118932
0.1201
0.119378
0.119436
0.117742
0.119452
0.119816
0.12013
0.118255
0.119387
0.119952
0.119751
0.119678
0.118028
0.163455
0.169523
0.170134
0.157288
0.160413
0.150943
0.153194
0.179878
0.176306
0.16796
0.172066
0.173567
0.174164
0.172981
0.173882
0.173573
0.178052
0.185206
0.189272
0.188988
0.189102
0.185322
0.171595
0.185499
0.189159
0.187766
0.189626
0.1871
0.185862
0.185946
0.192243
0.192379
0.185765
0.160958
0.167011
0.180328
0.189083
0.156035
0.124403
0.124449
0.124913
0.123035
0.119912
0.118933
0.119684
0.11986
0.119591
0.118557
0.129002
0.120229
0.121067
0.119416
0.119371
0.17551
0.181847
0.155702
0.175709
0.180556
0.154696
0.181933
0.17995
0.190507
0.175248
0.186314
0.180669
0.176762
0.189863
0.167753
0.124489
0.123818
0.126547
0.131796
0.116939
0.128853
0.129432
0.129431
0.128611
0.129992
0.12944
0.129222
0.127383
0.129355
0.128885
0.143366
0.187706
0.152169
0.128729
0.188291
0.182315
0.191653
0.189037
0.189742
0.186628
0.183659
0.188476
0.194332
0.194844
0.194308
0.185506
0.194025
0.1937
0.192308
0.180381
0.177849
0.183826
0.137477
0.124744
0.123632
0.11962
0.120221
0.119873
0.120237
0.119933
0.119853
0.120414
0.120617
0.11915
0.120684
0.117488
0.175227
0.174065
0.176056
0.133409
0.127721
0.127425
0.100163
0.129858
0.12753
0.126854
0.121079
0.127429
0.126294
0.126533
0.120066
0.117848
0.121709
0.126979
0.11953
0.117384
0.124788
0.11571
0.120374
0.120543
0.122429
0.127456
0.120509
0.117334
0.116274
0.121154
0.116703
0.11893
0.127882
0.148364
0.132466
0.128287
0.127872
0.125142
0.186159
0.179895
0.183995
0.178277
0.180912
0.178559
0.18484
0.165596
0.124595
0.12439
0.117857
0.121046
0.115647
0.174426
0.187156
0.18813
0.186284
0.126253
0.120435
0.118786
0.160904
0.171857
0.155547
0.182855
0.190145
0.188295
0.148148
0.186309
0.191202
0.187804
0.187092
0.151885
0.187381
0.192843
0.192793
0.192567
0.189429
0.192799
0.190712
0.1917
0.183403
0.179657
0.169976
0.189781
0.187917
0.125931
0.121793
0.123379
0.123885
0.132028
0.12909
0.128331
0.128928
0.128711
0.129165
0.141075
0.176236
0.15881
0.174066
0.187388
0.187869
0.186873
0.192854
0.190597
0.193966
0.183129
0.190778
0.173281
0.175901
0.163949
0.122812
0.120899
0.129178
0.124331
0.128861
0.126788
0.127002
0.124429
0.125135
0.121911
0.128997
0.130712
0.179586
0.175229
0.128468
0.119604
0.126916
0.124786
0.123037
0.118262
0.120491
0.118531
0.116828
0.119377
0.120369
0.116818
0.12483
0.12611
0.12822
0.129075
0.122906
0.11973
0.116914
0.127818
0.129219
0.123584
0.118712
0.119493
0.120436
0.119789
0.115235
0.193254
0.098317
0.121648
0.125762
0.131075
0.123706
0.134907
0.112645
0.121329
0.136305
0.124265
0.122402
0.11947
0.121631
0.11956
0.120153
