0.12
0.156522
0.137931
0.111111
0.178723
0.140502
0.124946
0.174194
0.26699
0.22723
0.253659
0.267345
0.182382
0.129403
0.207535
0.150217
0.169774
0.356896
0.228137
0.193846
0.175556
0.366513
0.280319
0.206822
0.159881
0.283068
0.181714
0.293202
0.296084
0.20455
0.241959
0.123153
0.0899571
0.146332
0.153427
0.121167
0.156738
0.114176
0.0919012
0.131326
0.0847007
0.137672
0.12294
0.146504
0.139979
0.124675
0.153914
0.126193
0.128257
0.103721
0.115504
0.135862
0.129293
0.090594
0.166819
0.144484
0.163721
0.10601
0.110011
0.158705
0.12729
0.17109
0.166582
0.115775
0.121818
0.169122
0.170184
0.1404
0.139707
0.169622
0.157254
0.125962
0.168878
0.130167
0.170599
0.170147
0.172243
0.171091
0.144877
0.138402
0.162381
0.154467
0.172131
0.163597
0.300949
0.371833
0.259621
0.147918
0.160736
0.0982528
0.176013
0.173133
0.164308
0.156952
0.162269
0.199053
0.188349
0.355168
0.257468
0.19388
0.287619
0.21744
0.178915
0.194913
0.342231
0.224831
0.228456
0.249626
0.27059
0.247017
0.350086
0.248321
0.230786
0.239265
0.178099
0.204042
0.205943
0.197941
0.332677
0.37139
0.373511
0.374905
0.369415
0.363039
0.370926
0.352345
0.260871
0.369456
0.374472
0.261528
0.247505
0.297383
0.371616
0.36211
0.370786
0.375076
0.229949
0.372303
0.285268
0.291619
0.251294
0.374417
0.301583
0.2857
0.319538
0.286791
0.260316
0.279955
0.288324
0.373889
0.370792
0.376007
0.372939
0.372535
0.365566
0.316214
0.369142
0.375254
0.283239
0.278165
0.375138
0.372822
0.369154
0.376005
0.375445
0.370206
0.334086
0.377316
0.321746
0.329146
0.318747
0.370175
0.304524
0.310349
0.314208
0.353449
0.329465
0.338834
0.320588
0.373868
0.373517
0.331652
0.373773
0.373671
0.37556
0.297467
0.353919
0.306991
0.281281
0.366741
0.373492
0.375395
0.333499
0.325365
0.354582
0.337542
0.332295
0.321042
0.333958
0.371236
0.338565
0.34165
0.34658
0.319746
0.377393
0.311621
0.349324
0.377734
0.346294
0.347055
0.337131
0.36315
0.377375
0.376557
0.376036
0.345134
0.350867
0.354571
0.359145
0.354559
0.335631
0.31056
0.358857
0.330221
0.367306
0.378046
0.354429
0.31663
0.350229
0.36317
0.35354
0.377886
0.378044
0.360741
0.328791
0.346685
0.355056
0.376427
0.376867
0.354254
0.320303
0.35569
0.377677
0.366455
0.355732
0.362535
0.363694
0.378473
0.36442
0.366684
0.377491
0.377715
0.362194
0.310795
0.360473
0.377951
0.362078
0.377029
0.360421
0.331869
0.36595
0.35983
0.361284
0.357197
0.363138
0.377038
0.364748
0.342955
0.352394
0.365711
0.376408
0.376798
0.33271
0.366388
0.364026
0.363618
0.378149
0.378841
0.353203
0.37396
0.376907
0.378552
0.377434
0.363901
0.378175
0.365864
0.364514
0.377449
0.363974
0.366282
0.377271
0.363982
0.367394
0.377743
0.367569
0.371832
0.369531
0.348585
0.37839
0.370837
0.357317
0.374385
0.379284
0.378821
0.360964
0.367457
0.369498
0.348499
0.362382
0.359417
0.366287
0.368251
0.378596
0.378899
0.379172
0.35474
0.377946
0.37862
0.366797
0.369938
0.370781
0.372064
0.378506
0.369386
0.368985
0.377528
0.370195
0.369368
0.376161
0.299404
0.361528
0.368858
0.370376
0.377964
0.151328
0.129504
0.130246
0.125347
0.134378
0.138584
0.130783
0.143241
0.135951
0.131679
0.137577
0.135016
0.127501
0.135361
0.135387
0.136392
0.137946
0.137967
0.133762
0.134948
0.138067
0.137691
0.135353
0.12947
0.137758
0.136397
0.136884
0.13604
0.135275
0.135204
0.136422
0.136872
0.136538
0.136505
0.138444
0.138564
0.137814
0.136628
0.137105
0.138904
0.138694
0.135605
0.136865
0.136177
0.136503
0.136009
0.134636
0.137606
0.136835
0.137971
0.135534
0.136446
0.136623
0.136852
0.137202
0.136215
0.136988
0.135913
0.136885
0.136571
0.137741
0.136542
0.136792
0.136052
0.136929
0.135985
0.136382
0.137165
0.136544
0.137333
0.136229
0.180304
0.340963
0.337988
0.340228
0.152233
0.138816
0.135835
0.131563
0.133172
0.136959
0.137262
0.137241
0.136816
0.133708
0.137868
0.13679
0.13582
0.135933
0.133514
0.13659
0.136333
0.137735
0.136831
0.136305
0.134233
0.135134
0.135921
0.13625
0.136877
0.136714
0.13577
0.137096
0.136132
0.136003
0.136375
0.136178
0.136469
0.13685
0.136254
0.136324
0.136589
0.13421
0.132952
0.135668
0.135993
0.137086
0.135974
0.136718
0.136013
0.136337
0.136411
0.135381
0.137188
0.136832
0.134707
0.136355
0.13635
0.136114
0.136275
0.134892
0.135062
0.136314
0.135707
0.136297
0.136515
0.136782
0.136428
0.135339
0.135753
0.13654
0.136779
0.136122
0.136478
0.136158
0.136609
0.135891
0.136337
0.136359
0.136414
0.13648
0.136193
0.136491
0.135671
0.136618
0.135722
0.169171
0.372483
0.373286
0.373876
0.379362
0.367416
0.375915
0.36008
0.350819
0.365662
0.373181
0.371806
0.367521
0.365807
0.375731
0.374003
0.365019
0.370506
0.372387
0.373807
0.378852
