0.133333
0.4
0.888889
1.07143
2.29091
0.816667
2.4
1.58824
1.01852
1.17097
1.34676
1.41677
1.48485
2.10526
1.73386
1.87122
1.59482
2.26332
3.06569
1.8
2.87649
1.21609
2.56684
2.87102
1.40942
1.66086
2.20952
2.4283
3.02932
1.93897
1.75361
3.07781
2.13848
2.06848
2.31764
1.96087
1.88537
2.34813
2.00612
3.0993
1.87335
3.00207
2.46032
2.23114
2.36116
1.90808
2.85307
2.0005
2.55102
2.09013
2.12471
2.59159
2.06675
2.59657
2.08603
3.11269
3.04972
2.94958
3.15699
3.24749
2.55348
2.24574
2.78028
2.25352
3.40035
2.49226
2.24925
2.90254
3.48667
2.85992
3.71704
3.26337
2.1433
3.01035
3.56543
2.60381
3.35687
2.34184
2.1916
2.04175
2.17334
3.02607
3.4027
2.69988
2.45461
2.83918
2.3053
2.02549
2.3061
1.89134
3.09281
2.49649
3.50606
3.30914
3.15271
2.71768
2.06291
2.40852
3.0728
3.00714
3.0479
2.6038
3.27144
1.89182
3.18663
2.99705
3.37925
1.96978
2.67582
2.84134
2.68131
2.75418
1.87877
2.99383
2.99489
2.6405
2.64876
1.88807
2.52452
1.76673
2.77044
2.38046
2.6844
2.62763
3.14494
2.17054
2.25089
3.00525
2.8969
2.68649
3.31136
2.69126
1.84967
2.6735
3.09169
2.82879
2.04343
3.68204
5.42734
6.11008
3.17435
4.08639
3.18948
2.24313
1.84996
3.01032
3.18702
2.02558
3.15489
1.87277
5.34734
3.58759
4.89458
5.59789
3.49745
4.38185
3.22506
2.32254
2.27197
3.0633
3.29183
3.17656
2.94763
2.78986
2.97216
2.97944
3.71898
3.70159
2.28915
2.71561
2.709
2.96943
4.39693
3.31586
3.46683
3.18617
3.25512
2.34616
2.51316
2.51496
3.41702
3.10938
2.99078
2.60486
3.19484
2.76067
3.46467
3.00505
3.38866
3.06101
3.03409
3.23714
2.57388
2.94764
2.85671
2.74202
3.29967
3.5684
3.07916
3.16812
3.35041
2.83323
3.19822
3.32711
3.37113
3.24943
3.26295
2.88487
3.09761
3.14306
3.02665
3.2946
3.31279
2.87782
3.04104
3.24451
3.49895
3.17807
3.12677
3.23464
3.45197
3.00213
3.56006
2.7925
3.52739
2.92603
4.03143
3.21251
5.78454
5.95696
4.31472
3.35336
3.5204
3.36832
3.93007
6.54138
6.61965
4.09119
3.63718
3.24021
3.48196
4.14247
3.43276
3.41407
3.32245
3.27799
5.8492
3.6792
4.64208
3.59574
3.41919
3.32738
3.19104
2.95643
5.15011
3.62948
6.03327
3.53265
7.19316
6.1571
4.81568
6.74892
6.69648
5.68528
3.27693
3.33747
5.3286
4.10536
4.9738
5.32278
6.34844
3.43188
6.62851
4.02559
3.7093
5.06649
3.74603
3.23153
5.81687
5.395
7.56447
6.9357
7.23509
6.47009
6.75572
4.02474
3.81329
6.85334
4.72991
6.88676
7.20837
4.1468
4.90026
6.93772
5.72205
7.02964
7.56576
4.6557
4.37181
4.97286
4.73358
3.70593
3.62582
3.67972
4.01242
5.88457
7.60866
6.60133
5.2724
4.02867
4.11914
4.48514
7.54413
5.12265
3.91822
6.48385
3.96652
3.90528
6.00534
4.55446
7.13875
5.73684
7.66152
4.54118
6.22205
4.48142
7.65777
5.36419
4.31331
5.10239
4.50934
4.44159
4.70314
5.40704
3.98452
4.31251
4.52767
4.44608
7.38474
6.97302
7.62185
7.06824
7.74397
7.13996
7.65606
5.06801
4.05742
4.22912
7.65689
5.39563
7.69436
7.18363
7.60116
7.097
7.6966
5.01404
5.68188
5.18219
7.54626
4.47427
5.08518
4.67368
5.30884
4.7215
7.25784
5.83705
6.24128
5.38605
5.21604
4.95461
6.14032
4.83016
5.73844
7.09554
5.65943
5.16201
4.97013
7.13086
5.89139
7.17162
6.7777
5.68333
5.81947
5.03671
5.07576
6.45484
4.63047
5.10706
5.32432
5.2288
5.8759
5.46683
4.7999
4.38772
6.34452
6.92051
5.58208
7.05987
5.78292
5.76251
6.11194
6.99219
5.4359
5.70613
7.57124
5.75342
7.71644
5.90097
6.00495
5.34161
6.27802
5.75662
6.15061
5.58277
6.49714
4.39316
5.64903
5.91545
6.24781
5.94651
5.63824
5.61282
7.11322
5.01576
6.14257
7.15673
7.76265
5.59855
7.56922
7.12539
6.95729
7.19908
7.58355
6.4852
7.76135
6.09148
5.89044
5.96489
6.30056
5.77736
6.46899
7.11695
7.17281
5.83129
6.32092
5.98917
7.87449
7.20106
6.36047
6.0115
6.46618
7.2091
7.68748
7.06634
5.96428
5.98725
6.41406
6.17769
6.7448
5.58411
6.37274
6.04995
7.64794
6.42188
6.84849
6.03987
5.90678
7.1927
7.66467
7.16353
7.65791
6.31101
5.57533
4.75015
6.94791
6.15787
6.57519
7.0804
6.67434
7.21732
6.69449
7.10601
6.99341
6.40425
7.63049
5.65922
6.53276
6.29789
6.85276
4.9925
7.02085
7.19387
7.6925
7.16701
7.77947
7.23132
6.72799
6.98914
6.57683
6.41852
7.36566
6.21784
6.86828
7.22216
6.87834
7.12028
6.96762
6.34437
6.63471
6.38771
7.45336
