0.0923077
0.225
0.888889
0.882353
2.1
1.78182
3.03158
2.07692
3.66667
3.54146
3.17288
2.29709
1.68
1.76471
1.96923
1.62056
2.65345
3.08547
2.12658
1.43521
2.87649
1.64669
2.04545
1.33965
1.39862
2.11743
1.44172
3.67784
2.34454
2.4961
3.53843
1.49178
5.40909
1.96963
3.61356
1.88896
2.03454
2.89026
2.88478
4.81268
2.32675
4.4
5.79641
4.55279
2.54028
3.10217
2.6912
4.37022
3.26004
3.34038
2.96712
3.61588
2.59851
3.28741
2.27768
2.93752
3.2806
2.00268
3.72962
2.19842
3.28057
2.18527
3.69316
3.08872
2.77743
2.06698
2.21829
3.23909
2.34671
2.37799
2.52305
2.91914
2.22819
2.05677
3.10994
2.84995
2.09136
3.07761
3.55409
3.14235
3.17404
2.98517
3.49348
3.42946
2.2937
2.77276
3.44178
2.03166
2.97939
2.94436
2.68469
2.7997
4.85495
3.03723
2.17697
3.13165
2.78092
2.8426
3.29893
2.89133
3.16661
2.99608
3.0897
2.87767
3.22622
3.03173
3.33039
3.11637
3.25206
3.05658
3.25893
2.00574
2.38947
2.14998
3.38199
2.54639
2.89248
2.03176
3.28061
3.01199
2.97144
2.96558
3.28031
2.6152
3.08664
2.99656
2.97175
3.02894
3.12045
2.21755
3.22093
2.31858
2.83841
2.75863
3.1726
2.9192
3.0992
1.82727
1.90938
2.97931
2.57642
2.23198
2.56354
3.01156
3.13483
2.14491
3.03993
1.87429
2.68724
2.94541
3.03395
2.77948
3.30271
3.16102
3.24786
2.00625
3.40754
3.08896
3.11794
2.93126
3.16186
3.28131
2.29934
3.1947
3.19181
3.16403
3.29836
2.81148
3.29642
3.02467
3.14781
2.70842
2.88225
2.83392
2.94933
2.90776
3.39414
2.6734
2.82686
3.07879
3.36124
2.27819
3.39095
2.86884
3.3803
3.17872
3.40253
3.35213
3.38066
3.06884
2.92716
3.50676
2.61674
2.90355
3.04382
3.28368
2.73547
2.93157
3.42841
2.5412
3.41282
2.89059
3.46456
3.32231
3.40367
3.21711
3.19017
3.08563
3.7991
5.55037
3.0225
2.82547
3.3988
3.25381
3.43331
3.18797
3.4819
3.25636
2.97524
3.16978
3.43664
3.23289
3.47913
3.06721
3.05931
3.17401
3.16069
3.14195
2.95953
3.17623
3.00236
3.27165
3.39811
2.38481
1.99544
5.36422
6.00207
4.83284
5.48836
3.22717
3.41402
3.18769
3.48935
4.58155
3.42483
3.09723
2.91127
3.1687
3.41911
3.48636
4.0761
3.45128
5.15551
3.28038
3.09405
4.59702
4.1337
3.89032
3.3799
3.70731
3.20897
6.64162
7.21037
6.90407
4.26618
3.129
3.3981
4.91364
3.62468
3.16442
3.36285
3.49006
4.88888
3.52417
7.07348
6.25089
3.51067
3.72052
4.49479
3.39539
3.69963
3.43552
6.54236
3.74256
6.74233
3.98173
4.61799
7.07793
4.7586
3.78009
5.57541
4.00732
7.54216
6.29225
4.90165
3.49435
3.76524
3.68305
5.73704
3.60139
3.98103
4.32075
3.93327
4.00816
4.33788
4.26179
4.6146
4.21477
4.55944
5.79574
6.72237
5.10959
4.95011
6.79943
5.73758
5.28622
5.5767
7.09009
5.92981
5.1357
4.40271
5.31619
5.29099
4.95897
5.5298
4.17212
4.50834
6.0539
4.62742
5.43117
4.2889
4.25271
7.55308
4.90738
4.66717
4.33658
4.1059
6.86264
7.54779
6.82102
7.53776
7.09705
7.59542
7.09779
7.55548
5.29307
5.8828
5.11541
7.27117
7.03684
4.64445
5.09734
5.18082
4.24136
3.87795
3.68896
4.78978
5.88911
5.44126
4.35253
5.17111
7.04449
6.03868
6.93655
6.99519
4.18858
4.52452
4.5992
5.65793
6.46332
6.31298
6.99988
5.89083
6.90456
6.04352
3.4545
6.51572
4.25678
4.49631
5.80851
6.06544
6.79237
7.77873
7.13323
5.94783
4.4711
5.33842
7.1598
6.28684
4.24674
6.33632
5.56309
4.91667
4.72936
7.63962
5.41433
7.47872
7.0977
7.65726
6.94315
7.63493
7.13378
6.23196
5.71866
5.0818
4.42153
5.35563
4.92287
6.9103
6.91163
6.1042
7.05958
7.6541
5.84461
6.54073
4.52204
5.77108
7.13768
7.54782
5.80959
7.57576
7.13016
6.20905
5.75917
7.54283
5.88436
7.65567
5.9371
6.37114
5.79413
6.64641
5.75292
7.64617
7.14973
6.33554
6.0014
5.72175
5.66638
7.63841
5.01763
4.49343
6.04745
5.58199
6.2437
7.63114
7.14532
6.59561
6.41143
6.53681
4.63425
6.96989
6.68593
6.28768
5.92769
6.45037
7.16032
7.66683
6.2851
6.70778
6.90479
7.5048
6.29372
6.61291
6.22535
6.60652
5.91797
4.81884
5.62802
6.65418
5.42107
6.12185
5.37022
5.16637
6.12375
6.79476
5.51015
7.38428
6.05179
6.68874
7.16398
7.65863
6.20612
6.41028
5.54698
6.12559
6.03532
6.78813
7.17694
6.22325
5.6554
6.56367
5.49174
6.40588
6.57096
6.73491
6.33712
7.6712
7.17392
7.45882
6.13247
7.35703
6.09791
6.65011
6.4177
7.66842
7.07665
5.77036
5.53915
7.15216
6.85655
6.75332
