0.12
0.124138
0.142857
0.227273
0.254545
0.18756
0.340828
0.321429
0.13269
0.197015
0.23197
0.323666
0.237288
0.298507
0.336842
0.21848
0.25725
0.262928
0.256489
0.317994
0.285436
0.109044
0.184639
0.129709
0.160528
0.342944
0.234731
0.228678
0.151548
0.174321
0.371178
0.283073
0.317707
0.197439
0.159373
0.144457
0.135639
0.125265
0.171463
0.134102
0.0888166
0.125604
0.161765
0.155928
0.0840484
0.0855242
0.094678
0.135024
0.182106
0.181094
0.190185
0.203234
0.306677
0.207664
0.111559
0.137995
0.116855
0.102662
0.168038
0.144144
0.157056
0.152067
0.154908
0.153213
0.155817
0.155304
0.149601
0.216661
0.161107
0.16076
0.147539
0.163149
0.152633
0.164746
0.132368
0.161549
0.16027
0.161407
0.142604
0.148168
0.176021
0.136281
0.16696
0.154182
0.148248
0.13583
0.14731
0.14814
0.160117
0.235803
0.334141
0.272679
0.171172
0.182825
0.316172
0.265163
0.221368
0.260201
0.362372
0.359704
0.237941
0.237543
0.329833
0.364052
0.362776
0.359458
0.270738
0.218419
0.19761
0.196177
0.225119
0.202506
0.225618
0.191915
0.31869
0.259759
0.347162
0.357712
0.27553
0.359923
0.353397
0.291155
0.34261
0.343727
0.360124
0.283871
0.338955
0.35454
0.358111
0.360385
0.308248
0.244894
0.245676
0.286187
0.284362
0.346242
0.32326
0.287787
0.331437
0.312494
0.302297
0.354302
0.349025
0.295531
0.280513
0.246668
0.278115
0.362986
0.262615
0.336921
0.326523
0.296275
0.293534
0.256892
0.357308
0.284733
0.334833
0.298666
0.319581
0.289022
0.300307
0.339133
0.361388
0.361702
0.365048
0.314913
0.307721
0.362009
0.365305
0.355027
0.314952
0.312108
0.314814
0.302962
0.321013
0.362631
0.358298
0.361654
0.365426
0.359323
0.362671
0.360321
0.360913
0.338607
0.317488
0.350915
0.333006
0.318649
0.359777
0.319573
0.315886
0.356151
0.328148
0.326608
0.35441
0.348679
0.339887
0.318789
0.352845
0.351449
0.352658
0.324592
0.351118
0.308754
0.351673
0.352162
0.353795
0.350078
0.350177
0.349861
0.330592
0.323316
0.307284
0.306401
0.32488
0.31813
0.329332
0.350615
0.325814
0.301246
0.330239
0.329062
0.301888
0.330444
0.350754
0.326985
0.304479
0.351531
0.349025
0.351035
0.349181
0.348029
0.329523
0.338418
0.349892
0.349837
0.347498
0.326526
0.351166
0.324013
0.316649
0.342328
0.334492
0.333765
0.288758
0.309306
0.322328
0.336237
0.333461
0.334417
0.334205
0.332143
0.334204
0.322216
0.311641
0.345753
0.335669
0.345854
0.321347
0.324049
0.29423
0.301875
0.306277
0.336204
0.349412
0.335545
0.349642
0.33213
0.321064
0.33993
0.318304
0.333981
0.334362
0.344969
0.347228
0.332338
0.335669
0.345126
0.334267
0.34668
0.332095
0.348005
0.333658
0.347578
0.3326
0.336579
0.328181
0.34324
0.346644
0.316262
0.333345
0.338386
0.317605
0.307166
0.323754
0.340031
0.332792
0.34523
0.341776
0.344795
0.33418
0.333694
0.321218
0.286979
0.319242
0.33417
0.340147
0.326141
0.266528
0.123923
0.122835
0.120134
0.127462
0.109177
0.11844
0.121023
0.12289
0.123195
0.118759
0.123274
0.118528
0.121897
0.124624
0.124897
0.117671
0.113495
0.126072
0.122789
0.123062
0.121845
0.124057
0.126338
0.12413
0.120366
0.12599
0.118678
0.123706
0.126381
0.124718
0.121523
0.122419
0.12229
0.10961
0.114557
0.123558
0.124128
0.123915
0.120893
0.12367
0.12421
0.122212
0.120929
0.116526
0.123682
0.121381
0.120326
0.122113
0.113115
0.116567
0.120755
0.120756
0.124903
0.122747
0.12019
0.127724
0.124724
0.125576
0.122846
0.119747
0.182199
0.334285
0.304783
0.326779
0.299709
0.327422
0.319044
0.124385
0.119042
0.119973
0.119317
0.12063
0.12337
0.113454
0.115743
0.106903
0.119155
0.119277
0.119117
0.119168
0.118655
0.118163
0.118256
0.11818
0.118206
0.117788
0.1182
0.111452
0.137122
0.329145
0.317933
0.327584
0.328343
0.326285
0.323935
0.311906
0.323118
0.287013
0.266277
0.326044
0.319515
0.326384
0.329166
0.309875
0.326231
0.309872
0.322378
0.306844
0.305957
0.27133
0.312973
0.311776
0.320847
0.326047
0.316874
0.321359
0.326561
0.324525
0.327682
0.327246
0.328639
0.318517
0.321619
0.324686
0.325489
0.326772
0.318857
0.301265
0.313116
0.320875
0.313231
0.326017
0.321542
0.325178
0.315628
0.323917
0.313924
0.324521
0.320948
0.325313
0.326338
0.314497
0.305698
0.322395
0.32106
0.319333
0.324411
0.323705
0.320865
0.325242
0.325796
0.324859
0.317242
0.319999
0.315336
0.318235
0.323864
0.3171
0.322323
0.323669
0.323402
0.316263
0.319633
0.320473
0.324131
0.325108
0.324619
0.321027
0.322958
0.319559
0.319138
0.32267
0.310721
0.322618
0.316894
0.318963
0.323279
0.319712
0.320893
0.321311
0.319426
0.31888
0.318665
0.31257
0.313919
0.320121
0.313958
0.308737
0.305205
0.312554
0.318696
0.315151
0.312684
0.31305
0.319461
0.319888
0.275964
0.312209
0.310629
0.316402
0.315739
0.30807
