0.0666667
0.128571
0.135593
0.157895
0.149112
0.0994924
0.159116
0.100746
0.0771388
0.0875226
0.0581186
0.0919192
0.150924
0.0923551
0.171948
0.097161
0.172051
0.16484
0.0984875
0.129984
0.0858355
0.0984491
0.106109
0.319065
0.106924
0.319887
0.241615
0.186599
0.188615
0.180448
0.213145
0.174717
0.153502
0.10628
0.0872584
0.11993
0.153768
0.120318
0.132995
0.147975
0.0899968
0.130305
0.13699
0.177988
0.118959
0.151269
0.137136
0.145874
0.151593
0.1298
0.0891266
0.0986775
0.181989
0.151278
0.0920894
0.152441
0.141688
0.147547
0.102955
0.125201
0.119589
0.159866
0.152423
0.127932
0.122337
0.16847
0.169544
0.220402
0.115376
0.140292
0.124315
0.151963
0.129733
0.143019
0.162678
0.17386
0.150449
0.120351
0.14715
0.131328
0.175138
0.267088
0.239916
0.276842
0.162304
0.15296
0.153943
0.15061
0.162035
0.151387
0.167703
0.152436
0.162717
0.148907
0.162502
0.151091
0.251922
0.196882
0.146119
0.15901
0.274044
0.223582
0.170294
0.326253
0.361663
0.2065
0.23909
0.33175
0.220419
0.19445
0.361856
0.222737
0.359355
0.356267
0.205568
0.146512
0.199861
0.351234
0.24339
0.213793
0.232249
0.222571
0.29122
0.358712
0.360924
0.360561
0.337942
0.282379
0.284653
0.351897
0.359091
0.362854
0.285075
0.206226
0.25413
0.209049
0.225195
0.339397
0.35351
0.324642
0.261166
0.355649
0.362489
0.340077
0.357584
0.233428
0.265782
0.287933
0.283331
0.231007
0.297125
0.351578
0.239373
0.289275
0.310973
0.306509
0.366094
0.361965
0.30394
0.303888
0.292029
0.233455
0.270727
0.293941
0.363138
0.304731
0.353203
0.307944
0.311612
0.352417
0.353445
0.358689
0.336777
0.286744
0.349517
0.360042
0.358295
0.359492
0.358525
0.360472
0.32289
0.319596
0.324199
0.355579
0.282424
0.325973
0.315266
0.222304
0.257073
0.328077
0.259195
0.293847
0.312355
0.345884
0.351736
0.273832
0.340533
0.340091
0.304598
0.330546
0.349116
0.347155
0.315096
0.307196
0.335577
0.34933
0.353191
0.334966
0.308341
0.303858
0.34161
0.351345
0.342791
0.264942
0.339394
0.340587
0.339492
0.333818
0.337476
0.338095
0.313672
0.306273
0.339942
0.334771
0.335676
0.26419
0.344701
0.328924
0.332472
0.280761
0.326427
0.303989
0.333405
0.336911
0.344438
0.328505
0.347797
0.316015
0.352559
0.337095
0.351082
0.327726
0.336195
0.343598
0.331272
0.344464
0.333362
0.322179
0.300313
0.344686
0.338518
0.286877
0.331849
0.33305
0.316718
0.344479
0.32661
0.330728
0.345311
0.332079
0.333613
0.343192
0.318974
0.346451
0.333419
0.328202
0.339819
0.339818
0.347744
0.333889
0.347397
0.327939
0.345139
0.344297
0.334417
0.330317
0.345039
0.345005
0.331638
0.332957
0.335433
0.33462
0.31184
0.338653
0.340792
0.337337
0.336879
0.343987
0.34612
0.341037
0.337613
0.328061
0.344979
0.322985
0.338022
0.324487
0.34167
0.337276
0.313101
0.325832
0.343694
0.340561
0.341371
0.327694
0.335692
0.331033
0.332609
0.34347
0.339634
0.342464
0.341079
0.331717
0.332473
0.324514
0.339165
0.33235
0.339005
0.313676
0.325425
0.319374
0.336393
0.333108
0.332887
0.324738
0.338942
0.240576
0.338261
0.324869
0.341914
0.308349
0.318687
0.340974
0.339271
0.318134
0.322344
0.296652
0.297098
0.332996
0.307846
0.329073
0.317088
0.337419
0.341737
0.337634
0.338801
0.299848
0.336884
0.301404
0.320754
0.323237
0.33314
0.334117
0.337014
0.322247
0.285651
0.333976
0.306498
0.328616
0.340775
0.317488
0.32916
0.312119
0.330798
0.316399
0.325035
0.325074
0.328906
0.332054
0.330237
0.304256
0.284059
0.307179
0.323579
0.331483
0.317202
0.318127
0.319331
0.323655
0.328109
0.315406
0.325386
0.335631
0.322252
0.332212
0.327721
0.322943
0.331418
0.320596
0.329911
0.328128
0.317286
0.326018
0.324516
0.329172
0.328759
0.326677
0.328954
0.288137
0.306108
0.317379
0.316243
0.321952
0.326546
0.325764
0.324272
0.30791
0.321601
0.321718
0.312721
0.311368
0.307785
0.305916
0.311687
0.302111
0.274457
0.32209
0.324598
0.320466
0.31676
0.320126
0.325626
0.325598
0.319875
0.325107
0.323855
0.3245
0.3154
0.318468
0.323274
0.319516
0.312526
0.322834
0.320809
0.321007
0.299172
0.311324
0.322541
0.304779
0.314687
0.319819
0.295036
0.297786
0.318677
0.320349
0.314303
0.322803
0.31891
0.322302
0.304455
0.30062
0.318822
0.308265
0.32697
0.326562
0.322361
0.313981
0.323319
0.325969
0.327517
0.323762
0.307521
0.299433
0.160498
0.116207
0.117293
0.107001
0.108661
0.111247
0.117027
0.110635
0.119742
0.116064
0.109215
0.111714
0.104418
0.11346
0.113906
0.114753
0.11131
0.115348
0.110609
0.11451
0.114993
0.115737
0.11567
0.115723
0.118691
0.115616
0.118233
0.115373
0.117906
0.117131
0.117151
0.112924
0.117148
0.114313
0.115821
0.116553
0.115753
0.153399
0.270017
0.235353
0.11093
0.115
0.115064
0.11627
0.117577
0.116637
0.116701
0.115057
0.116387