0.109091
0.24
0.421053
0.789474
0.7
0.522667
0.693976
0.743119
0.743243
1.06765
0.459951
1.6662
0.34507
0.816327
0.877419
0.93059
0.703543
0.385478
2.48521
0.707659
1.39499
0.655447
1.37536
0.841097
1.02712
1.04838
0.606293
0.51935
0.593491
0.5962
0.799621
0.656955
0.516995
0.80211
0.685126
0.603154
0.892913
0.694838
0.63975
0.606703
0.805651
1.08504
1.76356
0.546687
0.625681
0.676915
0.898854
0.719121
1.72018
1.17856
1.13812
0.636988
0.62021
0.617369
0.745359
0.694001
0.808489
0.677171
0.768423
0.885884
0.743634
1.05673
0.816161
1.05302
0.74673
0.815136
0.986019
1.17245
1.21173
0.960623
1.02782
0.709434
1.07426
1.38345
1.76146
1.74461
1.69962
0.898163
0.785979
0.964351
1.00171
1.08964
0.990111
1.07898
1.06528
0.881164
0.988322
1.04254
0.933865
0.977862
0.687553
0.827091
1.13406
1.05631
0.975259
0.986997
0.767979
0.665214
1.09124
1.65057
1.09582
0.89716
0.998813
2.29327
1.00856
0.752152
0.947671
1.0892
0.873857
1.14557
0.763502
1.07034
0.792397
1.37831
1.78024
1.87787
1.78326
1.97384
1.79727
2.32961
2.04966
1.7729
2.0576
2.20285
1.94927
2.34654
0.844796
1.37456
1.06586
0.92785
1.11825
0.876334
1.17655
1.09162
1.1891
1.19503
1.09812
1.14722
0.985079
0.910434
0.92881
0.992332
1.17612
1.02519
1.01318
1.15976
1.13622
1.21675
1.16389
1.07577
1.78586
2.29258
1.6061
1.07327
1.25961
2.18147
2.47629
2.54672
1.53515
1.22273
1.21108
1.01585
1.07702
0.94213
1.0743
1.19057
1.2062
1.17705
1.19249
0.943364
1.19745
1.17078
1.06018
1.28606
1.10664
1.22785
0.82952
1.06486
1.3931
1.31343
1.13506
1.13915
1.1926
1.444
2.24833
1.45473
1.10884
1.01676
1.33117
1.91477
1.20887
2.09338
2.15314
1.82049
1.46186
2.35424
1.31217
1.29154
1.09352
2.09818
1.93359
1.74442
1.54888
0.791174
2.0181
1.19424
1.24721
1.21952
1.71635
2.06209
1.34962
1.2109
1.28523
1.32861
1.29722
1.4299
1.26417
1.30146
1.37655
1.49069
1.67643
1.51741
1.38927
2.41146
1.48281
1.73098
1.78464
1.53652
1.56735
1.11637
1.44316
1.55289
1.62675
1.32906
1.53393
2.40209
1.6475
1.70258
1.25215
1.30349
1.63483
1.64109
2.22627
1.46532
1.40748
1.5698
1.83163
1.45334
2.11275
1.58762
1.70793
1.8291
1.51491
1.46096
0.676297
1.71282
2.03757
1.65999
1.76066
1.6377
1.75643
1.69821
1.59447
1.95058
2.3444
2.33978
2.26135
2.3424
2.33381
2.28841
2.04138
1.70637
1.41726
1.75477
2.31089
2.33124
2.32392
2.28617
2.13239
2.22304
1.79356
1.85691
2.15531
1.75425
1.95213
2.29754
1.29716
2.29097
2.30389
1.91904
1.95968
2.27599
1.89512
2.19327
1.99894
1.97859
2.30312
1.81418
1.97068
1.88741
1.86763
1.89692
2.22455
2.05126
1.94769
1.6456
2.00525
2.26303
2.04103
1.90063
1.86979
1.98162
2.25502
1.46657
2.26972
1.90442
1.96015
1.95475
0.942278
2.24269
2.0338
1.90916
2.19351
2.12911
1.93628
2.23167
2.07986
2.03107
1.93982
1.82708
2.00977
2.01063
1.95673
1.97536
1.7112
1.48958
2.12119
2.18455
1.42094
0.810685
1.5115
2.18838
2.21114
1.96116
1.84038
1.84571
2.21426
1.96769
2.19965
2.18626
1.2638
2.19164
2.18813
2.16168
1.92162
1.67321
2.20416
2.17562
2.00392
2.12626
2.15414
2.12676
2.10285
1.62182
1.99826
2.01469
1.92527
1.92962
1.76228
2.00726
1.81855
1.96867
1.95633
1.97082
2.18431
2.13136
2.1116
2.0135
1.81554
1.88794
2.16111
2.15718
0.89623
2.02779
2.16836
1.9679
2.10283
2.07541
1.83198
1.99617
2.03695
1.93828
1.69272
2.06098
2.09903
2.0332
1.77502
1.83551
1.83731
1.64004
1.00587
1.90276
1.65059
1.98492
1.94023
1.86739
1.87653
1.82659
1.45652
1.96133
1.79268
1.61352
0.673426
0.638187
0.364529
0.64402
0.666679
0.618056
0.656058
0.633281
0.625918
0.650145
0.603862
0.636149
0.602742
0.62091
0.578592
0.601257
0.621674
0.601709
0.540308
0.597777
0.599916
0.597686
0.576747
0.647117
0.609102
0.338581
0.583628
0.584202
0.575098
0.585823
0.562898
0.558323
0.547134
0.487128
0.33941
0.917234
1.47101
1.42491
1.45564
1.53639
1.44788
1.2649
1.41368
1.46715
1.53283
1.4547
1.42058
1.3151
1.40101
1.4478
1.30396
1.43866
1.40233
1.4716
1.31292
1.40599
1.32916
1.42777
1.14022
1.15371
1.36526
1.35802
1.34547
1.25802
1.21322
1.33514
0.91884
1.26876
1.25061
1.36306
1.32272
1.36389
1.37818
1.28144
1.37684
1.33519
1.35763
1.24512
1.29887
1.42424
1.30098
1.31333
1.33505
1.29227
1.28866
1.23845
1.3555
1.22016
1.31478
1.26508
1.30723
1.32309
1.2817
1.33225
1.32481
1.39889
1.37044
1.47483
0.541909
