0.028103
0.0235492
0.0706638
0.0357542
0.207991
0.0869702
0.380994
0.0427851
0.42992
0.23185
0.560895
0.10168
0.746347
0.403228
0.496977
0.0284924
0.566638
0.44796
0.974035
0.274512
1.13214
0.522192
0.747982
0.0881384
1.06373
1.01441
1.58723
0.54728
1.67946
0.981446
1.06284
0.052637
1.07235
1.00073
1.53659
0.671012
0.984903
0.759397
1.18674
0.214259
0.926014
1.05351
1.1372
0.305672
1.67053
1.08454
1.37238
0.137627
1.19311
1.20273
1.35472
1.01357
1.44389
1.0754
1.69465
0.474529
1.36973
1.21817
1.62491
0.915329
1.70673
1.37764
1.37381
0.08464
1.59688
1.30936
1.51028
0.946424
1.35995
1.2825
1.34553
0.558507
2.11718
1.53902
1.47588
0.9498
1.53278
1.40853
1.71679
0.391188
1.61658
1.34613
1.42901
0.947276
1.37494
1.23278
1.38419
0.751629
1.54145
1.50282
1.59631
1.21932
1.61801
1.56355
1.68566
0.212
1.60168
1.57114
1.53142
1.32046
1.5419
1.68188
1.5418
1.05057
1.67297
1.54735
1.59791
1.38958
1.75534
1.7563
1.80183
0.717274
1.78844
1.79727
1.83104
1.57156
1.73777
1.7648
1.82995
1.29157
1.7534
1.80693
1.85694
1.71998
1.74075
1.93761
1.8753
0.110646
1.90268
2.02439
1.94878
1.77904
1.96896
2.05755
1.99906
1.37517
1.97151
2.11285
2.00468
1.82694
2.01888
2.06135
2.01936
0.966864
2.00048
2.17155
2.0017
1.89717
2.00239
2.20314
2.05632
1.56143
2.03983
1.86706
2.0183
1.99987
2.04352
2.25457
2.05826
0.542178
2.02688
2.21018
2.01679
2.0485
2.07418
2.29603
2.04557
1.70472
1.99577
2.28736
2.04663
2.16108
2.02847
2.35159
2.05092
1.21804
2.01786
2.36301
2.02858
2.1961
1.98051
2.32511
2.05285
1.75062
1.85067
2.29412
2.03395
2.20277
1.8994
2.37492
1.94199
0.247995
1.99122
2.37612
2.04785
2.32073
1.99041
2.41764
2.06385
1.96916
1.97873
2.40583
2.02864
2.38259
1.97559
2.4558
2.05869
1.47807
1.96491
2.45315
2.03142
2.37793
1.97698
2.49296
2.05917
2.11833
1.98588
2.48483
2.03585
2.47635
1.94912
2.47403
1.95087
0.899008
1.97388
2.46376
1.92534
2.50241
1.99101
2.5158
2.06367
2.21734
1.97074
2.4941
2.00958
2.54432
1.98171
2.53521
2.04227
1.6948
1.98417
2.5193
2.02472
2.57722
1.97515
2.52141
2.0804
2.29843
1.98587
2.51143
2.06684
2.56209
1.98271
2.39468
1.75783
0.127788
